(19,45) 17
(41,48) 67
(21,37) 78
(34,46) 9
(12,49) 90
(27,31) 76
(11,33) 33
(1,20) 16
(32,33) 30
(28,38) 33
(18,39) 20
(18,37) 21
(31,49) 32
(9,48) 45
(1,48) 42
(9,34) 15
(18,49) 53
(1,4) 95
(13,31) 26
(13,25) 14
(12,17) 40
(48,50) 20
(6,19) 33
(13,21) 42
(31,35) 79
(23,25) 34
(1,43) 70
(2,35) 40
(17,34) 19
(6,49) 6
(16,49) 29
(16,38) 22
(2,20) 13
(1,41) 24
(6,34) 9
(13,49) 49
(2,31) 57
(14,49) 11
(19,33) 31
(1,9) 16
(33,42) 57
(18,43) 27
(38,49) 19
(20,48) 50
(37,48) 43
(21,31) 74
(23,26) 14
(25,45) 29
(9,21) 22
(34,39) 34
(1,13) 93
(17,30) 16
(5,29) 32
(33,45) 74
(17,28) 15
(1,49) 25
(3,16) 34
(1,37) 67
(1,19) 16
(12,21) 40
(14,46) 17
(17,21) 49
(1,31) 88
(42,45) 41
(28,30) 28
(16,29) 15
(34,43) 64
(20,33) 29
(7,31) 10
(45,50) 75
(27,49) 17
(23,36) 14
(2,28) 18
(13,37) 39
(34,37) 23
(21,49) 101
(37,43) 60
(41,42) 9
(43,49) 36
(18,31) 60
(25,50) 36
(2,18) 62
(33,35) 7
(25,43) 10
(7,29) 22
(25,41) 40
(9,50) 37
(23,33) 25
(9,33) 43
(18,34) 24
(2,21) 93
(11,37) 31
(18,25) 13
(31,45) 10
(30,38) 26
(25,48) 37
(10,49) 28
(11,25) 65
(31,41) 42
(21,34) 53
(21,42) 6
(19,42) 15
(9,27) 18
(34,35) 24
(14,27) 3
(6,21) 13
(6,48) 33
(9,41) 30
(2,30) 16
(7,40) 37
(7,48) 4
(7,21) 8
(28,46) 26
(13,43) 70
(28,39) 13
(21,43) 28
(11,32) 14
(18,47) 10
(7,46) 17
(11,20) 38
(25,49) 19
(18,21) 44
(10,27) 3
(31,32) 7
(2,41) 25
(29,46) 19
(16,30) 21
(33,36) 62
(19,25) 38
(47,50) 8
(17,45) 8
(20,21) 8
(21,36) 11
(9,23) 70
(5,31) 31
(1,25) 44
(17,29) 34
(39,46) 5
(2,9) 19
(44,49) 47
(7,10) 36
(23,29) 6
(17,26) 6
(21,26) 5
(33,50) 49
(14,17) 18
(31,48) 25
(11,50) 38
(31,43) 54
(2,43) 63
(41,43) 36
(43,48) 20
(12,31) 22
(16,46) 18
(21,44) 46
(34,40) 9
(47,49) 20
(1,2) 54
(20,25) 66
(27,37) 55
(34,41) 52
(11,47) 12
(18,27) 32
(12,18) 33
(31,37) 36
(20,37) 20
(4,31) 77
(2,37) 33
(7,49) 36
(10,40) 22
(16,28) 33
(36,43) 14
(9,25) 42
(32,50) 47
(7,30) 46
(29,48) 8
(16,34) 14
(2,47) 21
(23,45) 13
(17,43) 36
(1,11) 12
(6,32) 17
(9,45) 40
(4,48) 45
(12,13) 12
(37,49) 31
(23,31) 13
(2,44) 38
(3,38) 43
(1,17) 32
(10,38) 21
(21,27) 21
(34,48) 22
(1,6) 29
(20,23) 50
(18,44) 32
(11,34) 17
(9,31) 43
(13,48) 17
(4,21) 54
(23,49) 16
(27,35) 29
(16,21) 20
(11,45) 22
(30,33) 4
(7,28) 18
(1,34) 96
(23,39) 7
(35,49) 54
(23,47) 33
(35,37) 50
(8,37) 4
(29,49) 84
(9,35) 40
(5,41) 8
(5,46) 7
(20,50) 68
(11,18) 18
(31,38) 11
(9,47) 18
(1,30) 16
(33,48) 39
(1,46) 13
(48,49) 21
(11,23) 51
(4,49) 45
(7,16) 32
(21,35) 24
(26,42) 24
(46,49) 41
(11,44) 5
(11,41) 24
(3,29) 18
(38,44) 6
(17,49) 93
(39,49) 26
(14,16) 43
(19,35) 14
(7,17) 26
(8,14) 14
(26,45) 39
(37,42) 4
(3,43) 7
(13,18) 22
(45,48) 32
(17,50) 8
(23,37) 10
(42,50) 44
(19,48) 23
(27,43) 59
(4,25) 19
(2,49) 59
(20,45) 46
(5,13) 27
(2,11) 9
(36,45) 53
(16,43) 8
(1,18) 67
(5,39) 18
(1,21) 49
(1,35) 95
(17,35) 17
(39,44) 17
(2,42) 5
(32,48) 27
(13,34) 82
(25,33) 36
(2,13) 59
(8,41) 3
(28,29) 31
(4,27) 33
(1,45) 19
(23,42) 16
(6,18) 9
(15,29) 21
(12,30) 16
(1,23) 39
(2,23) 12
(16,18) 12
(4,5) 11
(7,45) 2
(31,34) 58
(6,23) 19
(2,17) 32
(9,12) 8
(11,42) 32
(36,50) 73
(11,13) 30
(9,26) 26
(15,28) 8
(20,49) 13
(23,34) 24
(4,45) 17
(10,17) 11
(4,18) 25
(23,35) 21
(6,36) 30
(19,20) 30
(18,45) 9
(18,50) 7
(41,50) 10
(35,43) 20
(9,37) 35
(25,26) 37
(10,45) 1
(31,33) 21
(41,49) 27
(20,36) 19
(9,32) 50
(8,19) 2
(13,47) 20
(12,41) 8
(15,38) 9
(4,20) 14
(10,44) 11
(15,25) 1
(17,48) 12
(4,7) 10
(22,49) 24
(17,46) 40
(11,43) 23
(25,47) 16
(41,47) 19
(4,35) 17
(7,37) 9
(11,26) 17
(21,33) 12
(29,43) 12
(2,29) 36
(17,41) 22
(11,17) 9
(14,31) 9
(17,25) 12
(49,50) 15
(25,37) 18
(6,17) 5
(10,31) 11
(13,35) 72
(6,41) 22
(2,16) 15
(9,11) 55
(17,39) 24
(6,45) 21
(1,36) 21
(30,49) 24
(6,11) 42
(11,48) 75
(27,41) 43
(26,48) 19
(26,50) 37
(27,34) 54
(2,46) 18
(17,36) 2
(12,43) 46
(1,22) 29
(20,32) 14
(27,44) 10
(12,34) 38
(5,17) 35
(25,34) 11
(2,6) 13
(6,31) 27
(20,35) 20
(2,27) 47
(29,35) 11
(1,47) 14
(21,50) 14
(9,16) 3
(9,17) 19
(2,32) 11
(4,36) 5
(4,46) 9
(3,7) 23
(43,44) 39
(23,48) 36
(21,29) 37
(36,37) 4
(21,30) 8
(16,44) 4
(4,50) 14
(4,34) 25
(3,37) 6
(34,44) 19
(43,45) 15
(37,45) 15
(13,14) 10
(13,17) 43
(9,42) 36
(18,36) 6
(26,33) 23
(29,33) 4
(26,37) 11
(11,31) 24
(34,45) 17
(4,13) 65
(6,9) 45
(9,49) 22
(6,37) 26
(27,36) 3
(6,13) 23
(11,27) 10
(1,27) 68
(5,16) 14
(10,29) 25
(35,48) 35
(21,23) 13
(3,48) 3
(1,28) 11
(23,27) 20
(14,38) 33
(19,36) 11
(2,7) 13
(16,17) 24
(5,27) 19
(6,25) 63
(9,20) 56
(11,36) 41
(1,29) 35
(18,38) 10
(2,5) 13
(6,46) 3
(12,27) 8
(9,19) 40
(1,50) 30
(6,33) 13
(27,47) 9
(7,14) 18
(1,38) 12
(2,4) 38
(28,40) 19
(18,30) 5
(42,43) 3
(14,30) 12
(17,27) 28
(31,40) 5
(12,46) 17
(19,32) 30
(29,41) 10
(16,22) 4
(43,47) 24
(4,41) 21
(20,26) 32
(37,41) 52
(20,41) 22
(33,34) 8
(4,37) 55
(17,31) 39
(8,16) 31
(21,25) 29
(27,48) 25
(6,39) 10
(6,20) 27
(16,50) 4
(1,10) 9
(41,44) 13
(18,41) 39
(6,7) 2
(6,47) 18
(36,48) 18
(35,50) 12
(16,45) 1
(12,37) 17
(2,34) 57
(21,38) 8
(25,35) 38
(37,46) 10
(18,35) 25
(31,44) 29
(22,36) 3
(20,34) 11
(33,43) 10
(43,46) 16
(31,50) 17
(23,32) 13
(11,35) 18
(13,20) 25
(29,37) 33
(5,23) 8
(21,45) 6
(39,41) 18
(19,50) 46
(10,30) 33
(13,41) 40
(9,13) 35
(32,35) 5
(18,23) 6
(9,29) 9
(12,14) 6
(2,12) 28
(1,14) 11
(18,28) 5
(4,43) 30
(1,42) 6
(5,18) 33
(5,11) 7
(6,24) 16
(39,43) 35
(14,21) 11
(29,40) 39
(21,41) 41
