1 295 2.2 867
2 254 4.8 551
3 10 3.1 394
4 301 2.7 401
5 215 2.3 131
6 402 2.6 394
7 60 3.2 637
8 24 3.7 78
9 408 4.7 798
10 106 2.1 243
11 412 4.8 664
12 213 4.8 372
13 276 4.7 619
14 66 3.6 223
15 72 2.7 43
16 69 4.4 575
17 198 2.3 610
18 245 4.3 463
19 426 4.8 190
20 431 4.2 550
21 238 3.6 826
22 243 3.2 84
23 397 4.2 451
24 345 4.7 39
25 398 3.0 636
26 439 2.7 242
27 288 3.6 329
28 92 4.6 349
29 160 3.1 581
30 85 4.0 292
31 289 2.8 663
32 468 2.4 369
33 474 4.2 648
34 290 4.4 562
35 293 3.7 524
36 479 3.2 361
37 273 2.7 612
38 22 3.5 597
39 218 4.1 220
40 115 2.6 156
41 333 3.3 596
42 500 4.3 274
43 271 2.0 606
44 232 2.6 155
45 495 2.5 706
46 132 4.2 275
47 359 4.7 149
48 383 3.9 769
49 196 2.5 979
50 460 2.7 779
